g = 9.8; %m/s^2
AUM = 3.057; %kg
Ixx = 0.49827; %kg mm^2
Iyy = 0.48993; %kg mm^2
Izz = 0.82777; %kg mm^2
Ixy = 0.12; %kg mm^2
Ixz = 0.35; %kg mm^2
Iyz = 0.295; %kg mm^2
Ct = 0.013;
Cq = 0.013;
L = 0.25;           % Chiều dài arm (m)
H = 0.05;           % Chiều cao hub (m)
rho = 1.18195;
R = 152.5; %mm
W = diag([0.994, 0.003, 0.003, 0.994, 0.003, 0.003, ...
          0.994, 0.003, 0.003, 0.994, 0.003, 0.003]);
R_rad = 0.15;