Mass = 5;
Ixx = 0.246;
Iyy = 0.336;
Izz = 0.234;
lx = 0.2125;
ly = 0.2125;
Ct = 0.013;
Cq = 0.0013;
Lxx = 0.094;
Lyy = 0.092;
Lzz = 0.05;